5 0.315234 0.766602 0.025000 0.028320 0.585938
5 0.459766 0.748535 0.025000 0.025391 0.576172
5 0.255859 0.289551 0.051369 0.055176 0.542969
5 0.726172 0.318848 0.019531 0.022703 0.447510
5 0.241797 0.529297 0.021288 0.020020 0.441895
5 0.303711 0.723145 0.021484 0.026367 0.441406
5 0.935937 0.583984 0.025000 0.028809 0.429443
5 0.124317 0.541016 0.024609 0.024414 0.399414
5 0.607812 0.430664 0.019141 0.026855 0.285645
5 0.363281 0.640137 0.020900 0.021484 0.259766
5 0.610938 0.656738 0.016016 0.019531 0.257812
