2 0.242188 0.576172 0.112500 0.057129 0.696777
2 0.658984 0.563477 0.097656 0.049805 0.681641
2 0.498437 0.502441 0.093359 0.046875 0.620605
4 0.575781 0.416016 0.024219 0.020996 0.541992
2 0.973047 0.056885 0.053906 0.051879 0.523438
4 0.712109 0.474609 0.025000 0.020508 0.503906
4 0.302930 0.427734 0.023438 0.020020 0.492188
1 0.122656 0.687012 0.035937 0.026367 0.415039
1 0.498437 0.503418 0.093750 0.048828 0.406738
4 0.122656 0.686523 0.035644 0.025879 0.385498
1 0.660547 0.563965 0.096875 0.051758 0.344482
1 0.241992 0.575195 0.110937 0.055176 0.281250
