1 0.596094 0.958984 0.048047 0.032227 0.679688
2 0.798438 0.619629 0.142187 0.065430 0.679199
2 0.439453 0.572754 0.129688 0.059570 0.650391
2 0.375391 0.426758 0.108400 0.048340 0.622559
1 0.939844 0.545410 0.035937 0.023438 0.556641
1 0.178028 0.494629 0.032031 0.022461 0.485840
1 0.158789 0.690430 0.038184 0.026367 0.467285
1 0.441016 0.574219 0.126756 0.055664 0.418457
4 0.159082 0.689453 0.038867 0.027832 0.370850
1 0.796484 0.617188 0.138281 0.057129 0.345703
1 0.375781 0.426758 0.106056 0.047363 0.286133
